
FILE: matrix_sort.c
IN: 1 3 3 4 3 1 9 0 55 -4 7 -10
OUT: -4 7 -10 4 3 1 9 0 55

FILE: matrix_sort.c
IN: 1 2 2 1 2 3 4
OUT: 1 2 3 4

FILE: matrix_sort.c
IN: 1 10 10 1 2 3 4 5 6 7 8 9 10 1 2 3 4 5 6 7 8 9 10 1 2 3 4 5 6 7 8 9 10 1 2 3 4 5 6 7 8 9 10 1 2 3 4 5 6 7 8 9 10 1 2 3 4 5 6 7 8 9 10 1 2 3 4 5 6 7 8 9 10 1 2 3 4 5 6 7 8 9 10 1 2 3 4 5 6 7 8 9 10 1 2 3 4 5 6 7 8 9 10
OUT: 1 2 3 4 5 6 7 8 9 10 1 2 3 4 5 6 7 8 9 10 1 2 3 4 5 6 7 8 9 10 1 2 3 4 5 6 7 8 9 10 1 2 3 4 5 6 7 8 9 10 1 2 3 4 5 6 7 8 9 10 1 2 3 4 5 6 7 8 9 10 1 2 3 4 5 6 7 8 9 10 1 2 3 4 5 6 7 8 9 10 1 2 3 4 5 6 7 8 9 10

FILE: matrix_sort.c
IN: a
OUT: n/a

FILE: matrix_sort.c
IN: 1a
OUT: n/a

FILE: matrix_sort.c
IN: 2 2 2 1a 2 3 4
OUT: n/a

FILE: matrix.c
IN: 1 2 2 1 2 3 4
OUT: 1 2 3 4

FILE: matrix.c
IN: a
OUT: n/a

FILE: matrix.c
IN: 2 2 2 1 2 3 4
OUT: 1 2 3 4

FILE: matrix.c
IN: 3 10 10 1 2 3 4 5 6 7 8 9 10 1 2 3 4 5 6 7 8 9 10 1 2 3 4 5 6 7 8 9 10 1 2 3 4 5 6 7 8 9 10 1 2 3 4 5 6 7 8 9 10 1 2 3 4 5 6 7 8 9 10 1 2 3 4 5 6 7 8 9 10 1 2 3 4 5 6 7 8 9 10 1 2 3 4 5 6 7 8 9 10 1 2 3 4 5 6 7 8 9 10
OUT: 1 2 3 4 5 6 7 8 9 10 1 2 3 4 5 6 7 8 9 10 1 2 3 4 5 6 7 8 9 10 1 2 3 4 5 6 7 8 9 10 1 2 3 4 5 6 7 8 9 10 1 2 3 4 5 6 7 8 9 10 1 2 3 4 5 6 7 8 9 10 1 2 3 4 5 6 7 8 9 10 1 2 3 4 5 6 7 8 9 10 1 2 3 4 5 6 7 8 9 10